7
2 2 3 
4 7 1 4 6 
2 1 5 
2 5 2 
2 3 4 
2 2 7 
2 2 6
14
7 2 7 8 9 10 11 14
6 3 1 6 13 12 5
2 4 2
2 3 5
2 4 2
2 2 7
2 6 1
1 1
1 1
1 1
1 1
2 2 13
2 12 2
1 1
21
17 20 11 4 18 16 12 9 5 6 3 8 2 7 14 15 17 21 
17 1 16 7 11 14 9 5 4 13 19 18 15 8 12 6 17 20 
15 1 9 12 19 11 17 21 18 14 8 15 5 4 7 20 
20 1 2 3 9 18 5 11 21 10 17 14 20 16 19 13 6 12 15 7 8 
18 1 2 3 4 9 21 20 17 13 10 8 15 6 7 11 12 14 18 
16 1 4 7 13 18 10 16 5 8 9 20 2 11 12 19 21 
20 2 4 6 8 1 17 16 5 21 9 14 15 13 10 11 12 19 3 18 20 
18 1 2 3 5 6 7 17 4 14 19 18 20 11 12 16 10 13 9 
18 1 2 3 4 5 6 7 16 10 14 15 20 13 11 12 17 8 21 
13 4 5 6 7 8 9 21 12 13 14 15 18 20 
19 1 2 3 4 7 8 9 14 5 20 15 6 17 13 21 12 16 18 19 
20 1 2 3 4 7 8 9 10 20 11 21 5 16 19 15 17 13 6 14 18 
16 2 4 5 6 7 8 9 11 12 14 10 17 19 18 20 21 
19 2 3 4 7 8 9 11 12 13 18 5 1 15 16 17 10 19 20 21 
16 2 3 4 5 7 9 11 12 14 21 20 1 10 17 16 18 
15 1 2 4 6 7 8 9 12 14 15 17 11 18 20 21 
18 3 4 5 7 8 9 11 12 13 14 15 16 1 20 18 21 19 2 
19 1 2 3 4 6 8 12 14 17 13 7 15 5 10 21 19 11 16 20 
14 2 3 4 7 8 12 13 14 17 18 21 6 11 20 
20 1 4 5 6 8 9 11 12 15 17 19 18 13 2 7 21 10 14 16 3 
18 3 4 5 7 10 11 12 15 17 18 19 20 9 14 16 1 13 6 
-1
