14
8 4 2 5 3 7 6 8 9
4 1 7 3 6 
6 1 2 7 5 4 6 
3 1 3 7 
3 1 3 7 
4 1 2 3 7 
6 1 2 3 4 5 6 
2 1 9
9 1 8 4 5 10 11 12 13 14
1 9
1 9
1 9
1 9
1 9
15
7 4 2 5 3 7 6 15
4 1 7 3 6 
6 1 2 7 5 4 6 
3 1 3 7 
3 1 3 7 
4 1 2 3 7 
6 1 2 3 4 5 6 
2 15 9
9 15 8 4 5 10 11 12 13 14
1 9
1 9
1 9
1 9
1 9
3 8 9 1
15
1 5
1 5
1 5
1 5
6 1 2 3 4 6 7
6 5 7 8 9 14 15
3 5 6 8
3 6 7 9
4 6 8 10 15
3 9 11 15
5 10 12 13 14 15
3 11 13 14
3 11 12 14
5 6 11 12 13 15
5 6 9 10 11 14
13
6 2 3 6 7 8 9
4 1 3 4 5
4 1 2 4 5
3 2 3 5
7 2 3 4 10 11 12 13
4 1 7 8 9
4 1 6 8 9
4 1 6 7 9
4 1 6 7 8
1 5
1 5
1 5
1 5
22
11 2 3 14 15 16 17 18 19 20 21 22
9 1 14 15 16 7 6 4 5 3
4 1 2 4 5
7 2 3 5 9 8 7 6
3 3 2 4
5 2 4 9 8 7
9 2 6 4 9 8 13 12 11 10
8 9 4 6 7 13 12 11 10
4 4 6 7 8
5 8 11 13 12 7
5 10 8 7 12 13
5 13 7 8 10 11
5 7 8 10 11 12
2 1 2
2 1 2
2 1 2
1 1
1 1
1 1
1 1
1 1
1 1
28
11 2 3 14 15 16 17 18 19 20 21 22
9 1 14 15 16 7 6 4 5 3
4 1 2 4 5
7 2 3 5 9 8 7 6
3 3 2 4
5 2 4 9 8 7
9 2 6 4 9 8 13 12 11 10
8 9 4 6 7 13 12 11 10
4 4 6 7 8
5 8 11 13 12 7
5 10 8 7 12 13
5 13 7 8 10 11
5 7 8 10 11 12
2 1 2
2 1 2
8 1 2 23 24 25 26 27 28
1 1
1 1
1 1
1 1
1 1
1 1
6 24 25 26 27 28 16
6 23 25 26 27 28 16
6 23 24 26 27 28 16
6 23 24 25 27 28 16
6 23 24 25 26 28 16
6 23 24 25 26 27 16
27
13 2 3 14 15 16 17 18 19 20 21 22 26 27
12 1 14 15 16 7 6 4 5 3 23 24 25
4 1 2 4 5
10 2 3 5 9 8 7 6 23 24 25
3 3 2 4
8 2 4 9 8 7 23 24 25
12 2 6 4 9 8 13 12 11 10 23 24 25
8 9 4 6 7 13 12 11 10
4 4 6 7 8
5 8 11 13 12 7
5 10 8 7 12 13
5 13 7 8 10 11
5 7 8 10 11 12
2 1 2
2 1 2
2 1 2
1 1
1 1
1 1
1 1
1 1
1 1
6 2 4 6 7 24 25
6 2 4 6 7 23 25
6 2 4 6 7 23 24
1 1
1 1
-1
