10
4 3 6 8 10 
4 4 5 6 8 
3 1 5 10 
2 2 5 
6 2 3 4 7 8 10 
3 1 2 8 
4 5 8 9 10 
6 1 2 5 6 7 10 
2 7 10 
6 1 3 5 7 8 9 
10
3 3 4 9 
4 3 6 7 10 
6 1 2 5 7 8 9 
4 1 5 7 10 
5 3 4 6 8 9 
3 2 5 10 
4 2 3 4 10 
3 3 5 10 
4 1 3 5 10 
6 2 4 6 7 8 9 
10
6 2 3 4 6 9 10 
7 1 3 4 5 7 8 10 
8 1 2 4 5 6 8 9 10 
4 1 2 3 5 
5 2 3 4 6 8 
4 1 3 5 10 
3 2 9 10 
5 2 3 5 9 10 
4 1 3 7 8 
6 1 2 3 6 7 8 
10
4 2 3 6 8 
4 1 3 8 10 
5 1 2 5 7 8 
2 6 10 
3 3 6 7 
5 1 4 5 7 8 
4 3 5 6 10 
5 1 2 3 6 9 
1 8 
3 2 4 7 
10
7 4 5 6 7 8 9 10 
4 6 7 9 10 
2 4 10 
4 1 3 6 9 
2 1 9 
6 1 2 4 7 8 9 
5 1 2 6 9 10 
4 1 6 9 10 
7 1 2 4 5 6 7 8 
5 1 2 3 7 8 
10
2 7 9 
7 4 5 6 7 8 9 10 
4 5 7 8 10 
4 2 5 7 10 
7 2 3 4 6 7 8 9 
4 2 5 7 8 
8 1 2 3 4 5 6 9 10 
6 2 3 5 6 9 10 
5 1 2 5 7 8 
5 2 3 4 7 8 
10
4 6 8 9 10 
5 3 5 7 8 10 
6 2 4 5 6 9 10 
5 3 5 6 7 10 
5 2 3 4 8 9 
7 1 3 4 7 8 9 10 
5 2 4 6 8 9 
7 1 2 5 6 7 9 10 
7 1 3 5 6 7 8 10 
7 1 2 3 4 6 8 9 
10
5 2 4 7 9 10 
7 1 5 6 7 8 9 10 
5 4 5 6 9 10 
3 1 3 10 
7 2 3 6 7 8 9 10 
5 2 3 5 8 9 
4 1 2 5 8 
5 2 5 6 7 10 
5 1 2 3 5 6 
6 1 2 3 4 5 8 
10
4 2 5 8 10 
4 1 3 4 8 
6 2 4 6 7 8 9 
5 2 3 8 9 10 
5 1 6 7 9 10 
5 3 5 7 9 10 
4 3 5 6 10 
5 1 2 3 4 9 
6 3 4 5 6 8 10 
6 1 4 5 6 7 9 
10
3 2 4 6 
5 1 5 7 8 9 
2 8 10 
2 1 8 
6 2 6 7 8 9 10 
4 1 5 7 8 
5 2 5 6 9 10 
6 2 3 4 5 6 9 
4 2 5 7 8 
3 3 5 7 
-1