9833248	8.13388e-07
5684790	8.25048e-07
2768027	8.2067e-07
8767759	8.4859e-07
9246904	2.41734e-07
2554552	8.3767e-07
4463664	7.62184e-07
8015395	8.35045e-07
4541208	7.94082e-07
1972163	7.85827e-07
9059633	8.60637e-07
6607611	8.77678e-07
1727171	7.71645e-07
9173908	8.60106e-07
6993902	8.68178e-07
3138027	8.2445e-07
4239137	7.92236e-07
9880072	8.11522e-07
9253289	8.55502e-07
1970625	7.59228e-07
6787650	7.86413e-07
3064187	7.99745e-07
2878241	8.31594e-07
7413448	8.18185e-07
4960981	8.23185e-07
7831792	8.17695e-07
1805798	7.94e-07
3321215	8.35123e-07
4487476	7.97002e-07
7092155	8.48951e-07
6750638	8.11168e-07
2600511	8.3576e-07
6672991	8.45404e-07
885653	7.73569e-07
5942846	8.4783e-07
5736644	8.19336e-07
7114360	8.32239e-07
5530648	7.88814e-07
5439729	8.10105e-07
792127	7.50356e-07
4061436	8.39077e-07
7418494	8.41394e-07
5359570	8.18586e-07
5284230	7.99212e-07
7534450	8.63094e-07
7422986	7.59823e-07
7548043	8.33964e-07
6456578	7.6592e-07
1337523	7.77036e-07
9403009	2.45795e-07
8076781	8.78816e-07
9950135	2.47371e-07
8909182	8.75784e-07
1698242	7.77025e-07
21256	6.01656e-07
3229525	8.01441e-07
5203570	8.22885e-07
3463321	7.79063e-07
1159979	7.75122e-07
988091	7.79422e-07
1409352	7.21712e-07
7904271	8.23376e-07
6176780	7.84972e-07
7955898	8.54458e-07
1273267	7.63956e-07
4046281	8.36e-07
8461657	8.53886e-07
4333479	8.08309e-07
3673462	7.74163e-07
8901107	8.91867e-07
4253946	8.18349e-07
5122722	8.1026e-07
2831890	7.84933e-07
7669075	8.06392e-07
4806100	7.90746e-07
392821	7.53114e-07
145943	7.07276e-07
3251704	8.06275e-07
6289823	8.74259e-07
1532659	7.84818e-07
2518156	7.48136e-07
2531375	8.0311e-07
8253516	8.25437e-07
4267617	8.03663e-07
374362	6.9611e-07
4810507	8.05542e-07
7247065	8.22666e-07
996093	7.91316e-07
5435562	7.96767e-07
6495525	8.25017e-07
2185810	7.75576e-07
4383121	7.95092e-07
6004355	8.49054e-07
7738113	7.93172e-07
6940109	8.67608e-07
6436390	7.85437e-07
995993	7.54091e-07
1920270	7.81646e-07
6281502	8.40218e-07
2842430	8.53241e-07
7062831	8.38167e-07
3417647	8.1844e-07
9781234	8.27643e-07
5641124	8.24126e-07
4569512	8.0719e-07
2278028	7.82276e-07
7532328	8.20794e-07
3509099	8.02424e-07
1564328	7.79709e-07
8188435	8.32322e-07
7075126	8.56214e-07
2225434	7.92823e-07
9090046	8.82373e-07
8091342	8.58126e-07
9602195	7.71405e-07
9012761	8.1438e-07
217804	6.86725e-07
1796736	7.2509e-07
1431070	7.93193e-07
9373448	8.19252e-07
1275378	8.01183e-07
8613963	8.22757e-07
7937557	8.49447e-07
4427564	8.09669e-07
2367108	7.65975e-07
5688089	8.13144e-07
9853666	8.48957e-07
6209779	8.48666e-07
4503961	8.09547e-07
3125374	8.0651e-07
6001525	8.28171e-07
8809710	8.34407e-07
4117249	8.07552e-07
6719905	8.32175e-07
9590389	8.37541e-07
123514	6.85679e-07
5066262	8.3372e-07
9542443	8.39481e-07
6298542	7.83955e-07
1511527	7.68293e-07
7419978	7.8947e-07
9606047	8.34389e-07
7269659	8.33526e-07
6215556	8.46435e-07
7748984	8.56408e-07
7733402	7.96268e-07
3679825	7.61165e-07
1887335	7.77858e-07
3719946	7.65394e-07
469861	7.36674e-07
1457935	8.03014e-07
1182539	7.48774e-07
2212341	7.9357e-07
1839555	7.60781e-07
7096854	8.09468e-07
3614479	8.12294e-07
3186006	8.09605e-07
8394067	7.72747e-07
7371551	8.59132e-07
6763805	8.47725e-07
6777285	8.39032e-07
8006936	8.40116e-07
6394217	8.28977e-07
7140436	8.40377e-07
9634405	8.06928e-07
4340207	8.30482e-07
9818703	8.32132e-07
4080422	8.06324e-07
9583705	8.35876e-07
2381473	7.80427e-07
5418387	8.03481e-07
176220	6.83691e-07
139758	6.80403e-07
6578195	2.46437e-07
2520313	8.00216e-07
8955514	8.54277e-07
6441481	7.70866e-07
7033067	8.13234e-07
9637252	8.18359e-07
9478978	8.0973e-07
8348548	8.4633e-07
2169516	7.71984e-07
99490	6.35314e-07
5188875	8.59625e-07
2272636	7.96899e-07
4380147	8.56365e-07
7228554	8.10674e-07
6984150	8.20328e-07
3363760	7.99396e-07
3269069	8.19018e-07
3593091	8.05183e-07
5050481	8.16853e-07
9691745	8.42733e-07
7096961	7.87522e-07
2608654	7.91837e-07
1656884	7.56233e-07
5010509	8.06901e-07
70547	6.36417e-07
9393651	8.66363e-07
3222031	7.94014e-07
4105269	8.18098e-07
311399	6.71744e-07
7993919	8.58755e-07
8842902	8.52253e-07
5618203	8.3386e-07
5907316	8.14332e-07
103719	6.55948e-07
7244912	8.09575e-07
5795391	8.68027e-07
9373746	8.26308e-07
2889449	7.92721e-07
4181578	8.06709e-07
5609705	8.38038e-07
8614524	8.56455e-07
1142533	7.59569e-07
4364369	7.89048e-07
8803859	8.41643e-07
7658731	8.51825e-07
5978229	8.35116e-07
5481508	7.86008e-07
5387243	8.38802e-07
5161707	8.4515e-07
3599920	7.77188e-07
3596929	7.69855e-07
9615891	8.40951e-07
38164	5.94214e-07
6524115	7.88972e-07
4041849	8.47426e-07
4583360	8.03589e-07
2812930	7.56371e-07
8219391	8.7016e-07
6885420	7.99292e-07
8268862	8.55356e-07
2820333	7.83408e-07
9144936	8.36803e-07
9377606	8.71736e-07
6169915	8.40524e-07
3457893	8.08308e-07
6279849	8.09866e-07
3128390	8.27226e-07
1809207	7.66274e-07
1447507	7.71318e-07
9669994	8.34687e-07
5165977	8.2397e-07
2863674	8.01267e-07
5769163	8.35934e-07
8626571	8.22747e-07
6776535	8.32425e-07
5969155	7.8602e-07
9478278	7.76876e-07
3618895	8.15267e-07
2744334	7.68836e-07
7342522	8.20032e-07
4592071	7.8624e-07
2082949	7.75189e-07
7524917	8.11827e-07
3972795	8.41761e-07
187858	7.10035e-07
3284931	8.05469e-07
6202594	8.49892e-07
3845305	8.03932e-07
8463869	8.4267e-07
4187361	8.15948e-07
8614520	8.43423e-07
4973040	8.33763e-07
2234115	7.57273e-07
7649223	8.68817e-07
9989822	8.83158e-07
9014649	8.49843e-07
5824477	8.49545e-07
6788765	8.50076e-07
2382948	7.80697e-07
263570	6.69948e-07
2289696	7.47683e-07
7602029	8.71274e-07
7817411	8.4356e-07
5111458	8.44301e-07
9379367	8.53439e-07
5453357	8.1891e-07
4540060	8.01674e-07
5083863	8.34886e-07
3549845	7.63985e-07
1211794	7.64896e-07
5944955	8.47258e-07
6891043	8.0015e-07
3029979	8.36715e-07
1152455	7.93415e-07
6306970	8.03674e-07
593039	7.39598e-07
6289452	8.38428e-07
6572444	2.44396e-07
1102433	7.65103e-07
2207104	7.48143e-07
8830568	8.65212e-07
5363321	8.5701e-07
7374867	7.66221e-07
9135269	8.30086e-07
239580	7.02721e-07
2482539	8.24073e-07
6245714	8.11288e-07
2672890	8.01751e-07
2833727	8.42907e-07
9145411	8.35771e-07
9874854	8.48053e-07
8472537	8.65808e-07
3742769	7.92788e-07
7244880	8.1197e-07
3730748	8.36627e-07
5007763	7.8821e-07
6270914	8.38822e-07
9384787	8.54698e-07
7664906	8.32928e-07
5185522	8.20246e-07
6806356	8.57418e-07
7787497	8.52678e-07
3103458	8.54521e-07
6735216	8.23934e-07
2808376	7.87898e-07
6497796	7.68536e-07
1538270	8.04964e-07
5198112	8.06928e-07
6877424	8.25904e-07
2323228	7.71648e-07
9046161	7.76348e-07
2117720	7.29357e-07
3241591	8.27373e-07
2489138	8.1213e-07
8513523	8.45942e-07
140405	6.76258e-07
8995693	8.29841e-07
3176202	7.90208e-07
6610283	8.33842e-07
4151266	8.19224e-07
9757661	8.78515e-07
8471238	2.42975e-07
4909877	8.38289e-07
5603842	7.50845e-07
4322624	7.74162e-07
1788365	7.63132e-07
6896319	8.448e-07
4189645	8.42241e-07
3665384	8.3791e-07
6899383	8.20318e-07
4870555	7.94488e-07
160205	6.80021e-07
6191293	8.66874e-07
124016	6.52042e-07
8100681	8.57474e-07
8155931	8.40319e-07
1820139	8.24419e-07
7286898	8.34585e-07
7114291	7.91271e-07
9078484	8.07612e-07
9396798	8.69482e-07
8151728	8.43993e-07
1948137	8.11113e-07
5850670	8.00183e-07
4801811	7.88336e-07
691968	6.94314e-07
3038730	7.95251e-07
4916824	7.91606e-07
7534379	8.51619e-07
3396116	7.91611e-07
1677118	8.05144e-07
6764397	8.25069e-07
8708488	7.98125e-07
5087166	8.59748e-07
7638238	8.28052e-07
1225930	7.66516e-07
4873188	8.101e-07
3870071	8.18297e-07
6200174	8.51947e-07
891223	7.54548e-07
4222302	7.88996e-07
2379834	7.68105e-07
9697373	8.89797e-07
6316096	7.1951e-07
4912086	8.44575e-07
9863989	8.57696e-07
3943281	8.33465e-07
2598901	8.22235e-07
8983703	8.13066e-07
8130834	8.02421e-07
3176324	7.92045e-07
1607909	7.51081e-07
2903973	8.04193e-07
9490745	8.232e-07
7848868	8.50776e-07
9285718	8.1955e-07
6605414	7.94086e-07
6209181	8.72568e-07
4928149	7.95722e-07
1864397	7.65587e-07
4418240	7.78081e-07
3775604	8.11624e-07
4930686	8.35518e-07
4019749	7.89923e-07
7471505	8.0424e-07
5723611	8.28772e-07
2159167	8.00405e-07
2157451	7.83619e-07
5288073	7.79905e-07
2049215	8.00791e-07
8010286	8.37747e-07
4054271	8.54307e-07
3178539	7.20754e-07
5536706	8.17605e-07
4908336	8.05968e-07
562614	7.39159e-07
6324400	7.53961e-07
2753121	7.58852e-07
3033821	7.9844e-07
2415541	7.97971e-07
496391	7.2596e-07
3470519	8.57895e-07
2597449	7.54591e-07
7742236	8.15113e-07
4606004	7.83846e-07
7986802	8.48731e-07
3673229	7.63571e-07
546100	6.99285e-07
3757761	8.04363e-07
556673	7.20201e-07
8011023	8.56204e-07
5405340	8.29011e-07
8495025	8.31891e-07
3185917	8.12731e-07
6239652	8.51039e-07
8410705	7.97213e-07
433506	7.24291e-07
2973797	7.84804e-07
1580888	7.73685e-07
5678599	8.04034e-07
9175643	8.31605e-07
7378465	7.95229e-07
4098104	7.92127e-07
6111512	8.0144e-07
8501483	8.31212e-07
5832042	8.49768e-07
1576678	7.44398e-07
1176411	7.91668e-07
5499092	8.26542e-07
8688917	8.06865e-07
9333311	9.0534e-07
8521033	7.93408e-07
5184919	8.46908e-07
6874202	8.17932e-07
6300118	7.81769e-07
4050175	8.3621e-07
175127	6.73214e-07
2532843	8.16493e-07
1385969	7.77762e-07
8129708	8.21463e-07
8866729	8.63995e-07
7474692	7.8713e-07
9374206	8.56293e-07
1263176	7.40424e-07
9687205	8.3771e-07
3098050	8.17576e-07
7844370	8.30846e-07
2402522	7.65381e-07
9251518	8.60259e-07
7052403	8.43409e-07
429187	6.97458e-07
5699663	8.615e-07
5543984	7.93179e-07
5653536	7.68024e-07
7709561	8.59996e-07
6727188	8.27845e-07
5543976	7.7505e-07
8566736	8.33e-07
5507731	7.88012e-07
5967576	8.03799e-07
2556969	7.56592e-07
6592986	8.01948e-07
2621824	6.89479e-07
4725589	7.94748e-07
6339142	8.20606e-07
1336109	7.53641e-07
481875	7.10366e-07
1102102	7.28902e-07
5538257	8.14201e-07
1719900	7.82594e-07
562967	7.53274e-07
3022130	7.97132e-07
692143	7.57839e-07
6660331	8.48198e-07
5081412	7.62566e-07
2664211	7.98466e-07
7032562	8.44355e-07
4103155	8.44739e-07
2403852	7.83414e-07
1407369	7.80667e-07
4978261	8.40901e-07
6165921	8.29139e-07
183387	6.76865e-07
9771036	8.24262e-07
3075288	7.76798e-07
7648163	8.53778e-07
3446373	7.89746e-07
616478	7.50371e-07
7944058	8.51432e-07
5359382	8.40095e-07
1041877	7.55328e-07
1622593	7.39695e-07
3095770	8.26534e-07
1489162	7.58042e-07
8978098	8.70325e-07
6941918	2.42323e-07
5181284	8.41649e-07
2706779	7.7422e-07
7520746	8.51325e-07
6615849	8.28345e-07
1309229	8.02792e-07
8568455	8.40284e-07
9770454	8.19772e-07
7875783	8.41417e-07
6356601	8.17102e-07
1506403	8.0402e-07
6864815	8.46673e-07
8824468	7.97301e-07
3039204	8.23189e-07
5958642	8.55103e-07
8303965	8.43453e-07
7919768	8.20151e-07
3165234	7.63804e-07
4178239	7.97678e-07
9433898	8.87524e-07
2851018	7.82558e-07
3397903	8.21539e-07
5304151	8.4622e-07
366326	7.19696e-07
382966	7.38145e-07
1631890	7.61948e-07
5048077	8.20417e-07
3446275	7.64791e-07
7384446	8.38497e-07
1899343	8.23422e-07
2136174	7.70864e-07
6091129	8.38458e-07
3874378	8.23152e-07
9460981	8.55107e-07
52740	6.1459e-07
488460	7.19654e-07
6805569	8.0563e-07
918285	7.07189e-07
9141293	8.64256e-07
6458511	8.23414e-07
2398043	7.75908e-07
9670019	8.19597e-07
2585945	8.21671e-07
1766889	8.00665e-07
2600198	7.92809e-07
5497239	8.7881e-07
420174	7.19671e-07
2085897	7.71508e-07
5522394	8.14172e-07
4543364	7.87359e-07
9995900	8.50525e-07
2723716	8.04455e-07
3813919	8.27824e-07
9565838	8.84816e-07
6310382	8.08232e-07
4515509	8.22229e-07
3163460	7.7631e-07
2394102	8.11837e-07
1289282	7.67687e-07
3615413	7.83797e-07
9452191	8.49626e-07
525966	6.97514e-07
1974991	7.95344e-07
8984736	7.87487e-07
4582489	8.37079e-07
4923105	8.60791e-07
6612153	8.077e-07
4385249	8.29584e-07
5869000	8.05366e-07
9844592	8.29647e-07
3593913	7.94957e-07
677429	7.35632e-07
9555436	8.46419e-07
6757313	8.1943e-07
4264848	7.74763e-07
3898483	8.58147e-07
8117419	8.54133e-07
7769835	8.27864e-07
3792716	8.20148e-07
7740152	8.53145e-07
3701044	7.85705e-07
9162974	8.73164e-07
2042750	8.08089e-07
9723429	8.30175e-07
2025867	8.12682e-07
6047853	8.15709e-07
5507365	7.59955e-07
4488902	8.27245e-07
5649369	8.41633e-07
8332897	8.19269e-07
2951281	2.48489e-07
2676843	2.40471e-07
6166480	8.39063e-07
5010462	8.21296e-07
2315087	8.21961e-07
7036210	8.22969e-07
6827433	8.22931e-07
6800590	8.20611e-07
6210819	8.13911e-07
2376799	7.62887e-07
1836085	7.42589e-07
1074756	7.21088e-07
6991091	8.55353e-07
4787629	7.92969e-07
9563249	8.45276e-07
3582103	7.96961e-07
7521031	8.17648e-07
6612769	8.149e-07
4331643	7.95868e-07
6413745	8.10791e-07
7668648	7.94305e-07
1730974	7.74404e-07
3812621	7.97751e-07
9927808	8.38876e-07
6987676	8.36894e-07
1390846	8.15872e-07
9451813	8.13221e-07
6556113	8.01607e-07
1752984	7.95606e-07
7418622	8.3003e-07
549108	7.29262e-07
6577121	8.43765e-07
2198654	7.92658e-07
3324320	8.0161e-07
8687824	7.81962e-07
6659016	8.18226e-07
6016278	8.38182e-07
6879858	8.48479e-07
1064916	7.57638e-07
5911641	8.09601e-07
7321323	8.80547e-07
259139	6.88423e-07
4624148	8.27276e-07
2985403	7.95504e-07
4843601	8.16841e-07
3137488	8.14241e-07
1421305	8.08208e-07
6161254	8.20697e-07
9842460	8.45803e-07
2796819	7.71347e-07
9750590	8.4297e-07
8182916	8.27561e-07
4708545	8.1283e-07
6816097	7.59203e-07
7777144	8.61384e-07
2985700	7.84635e-07
1760532	7.75434e-07
6606117	8.10888e-07
4832662	8.33767e-07
423275	7.27555e-07
9179114	8.54692e-07
982060	7.52876e-07
9381055	8.42873e-07
4237863	7.92478e-07
1190572	7.26387e-07
5410985	7.99295e-07
2229578	7.53666e-07
665349	7.25023e-07
5345004	8.1612e-07
5078038	8.52636e-07
1994746	8.05693e-07
1735088	7.84433e-07
16846	5.95814e-07
3212066	7.47684e-07
6017692	8.34026e-07
5456234	8.06216e-07
6350584	8.30719e-07
2783908	7.66274e-07
4047104	7.38754e-07
4751198	8.53238e-07
2723619	7.96172e-07
1773061	7.47685e-07
7394608	8.20563e-07
6517194	8.34223e-07
8473463	8.48194e-07
8703586	8.23358e-07
32061	6.392e-07
7025197	8.09722e-07
26436	6.0477e-07
5429232	8.38168e-07
8530774	8.02344e-07
6137335	8.88406e-07
4663818	8.15159e-07
2469627	8.34928e-07
4014389	7.97946e-07
4737672	7.60321e-07
4887187	7.93629e-07
8702020	7.91004e-07
8297433	8.59623e-07
1996520	8.07894e-07
2180171	7.61806e-07
5730199	8.74871e-07
6867991	8.37452e-07
1701246	8.09046e-07
4913061	8.33866e-07
4124692	7.84342e-07
8587957	8.09995e-07
3775210	8.12191e-07
7849883	8.69162e-07
3852293	7.84713e-07
8397350	7.62057e-07
9330576	8.38873e-07
3838228	7.70626e-07
9365084	8.38091e-07
3430196	8.0685e-07
7951249	2.44446e-07
5214573	8.40836e-07
5730532	8.33329e-07
8181477	8.55508e-07
3675387	8.21866e-07
1065029	6.6975e-07
6088286	8.65273e-07
3943135	8.13361e-07
6851396	7.9619e-07
5653914	8.20269e-07
2187197	8.16533e-07
256401	6.98767e-07
1912456	7.69734e-07
10777	5.7855e-07
1082022	7.16011e-07
9655109	8.30497e-07
9079969	8.40489e-07
4685038	8.44445e-07
9820748	8.52588e-07
3544137	7.57311e-07
278080	6.83871e-07
7093422	8.53937e-07
5443203	8.13671e-07
7845415	8.7479e-07
5873257	8.19531e-07
8224694	8.59669e-07
8786652	8.47419e-07
9658819	8.13412e-07
4409173	7.96239e-07
221631	7.11285e-07
2279106	7.66996e-07
5372623	8.77732e-07
9419654	8.75318e-07
37226	6.18042e-07
7340431	7.70629e-07
6070896	8.17664e-07
3418625	7.33675e-07
7938285	8.31034e-07
3931544	8.23833e-07
8024730	8.16384e-07
1062403	7.10843e-07
7398779	8.73604e-07
1460505	7.19874e-07
1529148	7.72509e-07
5333770	7.69584e-07
7208841	8.75392e-07
1107350	7.54928e-07
4015677	8.19536e-07
6810706	8.67354e-07
5744283	8.36227e-07
4738576	7.7829e-07
4846034	8.23215e-07
5260093	7.93427e-07
5922880	7.82411e-07
4009636	7.7779e-07
1412606	8.09114e-07
7983994	8.76533e-07
6100863	8.64964e-07
5634922	8.4314e-07
5861539	8.31759e-07
5516611	7.73663e-07
6269497	8.49211e-07
9369444	8.47168e-07
5018092	8.12309e-07
7637306	8.11056e-07
6339600	7.83557e-07
2475171	7.69771e-07
5497367	8.35687e-07
6507528	7.99955e-07
3129232	8.2139e-07
8190234	8.23376e-07
2968875	7.87799e-07
4678140	8.47779e-07
5486705	8.22252e-07
9210413	8.36807e-07
7600649	8.21266e-07
394804	7.03493e-07
7411390	8.34851e-07
9714255	8.60935e-07
4962271	2.42599e-07
627903	7.56551e-07
827574	7.26923e-07
1206778	7.95468e-07
8858155	8.27864e-07
1209162	7.70977e-07
512320	6.72181e-07
1621348	7.95447e-07
7577961	8.49716e-07
344711	6.85013e-07
539005	7.52195e-07
4946851	8.52931e-07
4889873	8.07625e-07
8325826	8.09292e-07
8050788	8.20405e-07
4144570	2.48322e-07
4406616	8.28551e-07
1167820	7.5014e-07
8762013	8.65187e-07
8819084	8.30975e-07
3368541	7.9396e-07
3767007	8.42341e-07
7586345	8.09305e-07
7917126	8.18233e-07
1868921	7.55608e-07
2554995	8.15323e-07
5745833	8.13216e-07
7519538	8.43517e-07
7321155	8.47274e-07
6784400	8.26863e-07
7634447	8.41482e-07
4758464	8.0549e-07
2227350	8.20536e-07
5486552	8.54848e-07
9649638	8.51338e-07
937153	7.2474e-07
361467	7.38542e-07
7612776	8.15762e-07
1868324	7.30813e-07
8456332	7.80342e-07
2472799	8.58114e-07
5831212	8.44877e-07
7168150	8.21375e-07
876116	7.25117e-07
5165273	8.34471e-07
6025708	8.40599e-07
8181851	8.56167e-07
2914700	8.03434e-07
5669519	8.11063e-07
5707522	8.03472e-07
5297142	8.55785e-07
8574208	7.54182e-07
6886588	8.15407e-07
7423682	8.24035e-07
7044316	8.53299e-07
8517901	8.28229e-07
3077403	8.19324e-07
7745847	8.31317e-07
3005310	8.1489e-07
2207497	8.01336e-07
4353385	8.2049e-07
5802193	7.93754e-07
8034234	8.41139e-07
4779130	8.5989e-07
8131262	8.20898e-07
2157781	7.96916e-07
6234322	8.43143e-07
2851331	7.58366e-07
6170308	8.06489e-07
6507800	8.2427e-07
4440881	7.92239e-07
1952	5.03287e-07
3543625	7.50262e-07
4225462	8.11471e-07
5338387	8.17521e-07
9638993	8.10176e-07
3032225	7.79823e-07
3031309	7.58341e-07
1768641	7.827e-07
6603811	7.93566e-07
7029522	8.29728e-07
7346749	8.19737e-07
2316169	7.9531e-07
5520088	7.96599e-07
4972882	8.26975e-07
8475637	8.37225e-07
3117267	8.13451e-07
3668853	8.4475e-07
4087325	8.33086e-07
427192	7.22819e-07
9370763	8.79809e-07
5730855	8.53298e-07
6332210	8.08279e-07
6934219	8.38217e-07
6214512	8.53135e-07
317982	7.28513e-07
1880565	8.14437e-07
3123566	8.17964e-07
5228373	8.55518e-07
6719005	8.22024e-07
3912308	8.17373e-07
5388682	8.06547e-07
8900201	8.51806e-07
6637494	8.45542e-07
9056996	8.08006e-07
9875812	8.368e-07
1094456	7.56838e-07
107470	6.71145e-07
8780627	8.677e-07
4763708	8.05271e-07
784939	7.77253e-07
7864141	8.72407e-07
3668710	8.08948e-07
9893239	9.14185e-07
1186791	7.77242e-07
2460373	7.73699e-07
7667052	8.48555e-07
9008388	8.32226e-07
1120264	6.89815e-07
6693654	7.84117e-07
5957752	8.54976e-07
8891579	8.66752e-07
8672926	8.61877e-07
4480315	8.19065e-07
128673	6.70347e-07
7856297	8.36416e-07
3586636	7.91422e-07
4596441	8.05345e-07
2614138	8.39647e-07
5874506	8.03397e-07
5820253	8.46678e-07
7649133	8.43314e-07
4337364	8.17593e-07
1246156	7.43681e-07
6577700	8.14136e-07
3143818	8.00656e-07
6418377	8.27502e-07
6611344	8.13259e-07
5734900	8.14852e-07
314091	7.15868e-07
336298	6.98371e-07
2664031	8.16363e-07
238096	6.35057e-07
563608	6.96814e-07
9723837	8.64023e-07
7047571	8.25518e-07
4030368	8.06416e-07
645815	7.56518e-07
4105830	8.33428e-07
3931731	8.44355e-07
8128398	8.03456e-07
8717023	8.45899e-07
9729541	8.19339e-07
6399072	8.10708e-07
947599	7.93531e-07
6055133	8.0138e-07
4361444	7.70167e-07
5670805	8.47214e-07
5993895	8.23598e-07
7362306	8.07092e-07
5451927	8.29741e-07
5878425	8.17979e-07
8683170	8.10356e-07
4681601	8.27019e-07
6999748	8.17143e-07
9657519	8.63762e-07
1659150	7.77864e-07
7692595	8.3636e-07
8340521	8.25126e-07
6875118	8.49361e-07
4314864	8.18702e-07
6921725	8.66511e-07
1918370	7.61269e-07
298842	7.32074e-07
2123088	7.50119e-07
6861648	8.21667e-07
3518533	7.71642e-07
2367559	7.4317e-07
5362382	8.35094e-07
5092479	8.50909e-07
2472702	8.3886e-07
7765883	8.85183e-07
8244873	8.39325e-07
1667741	7.89312e-07
1009324	7.57762e-07
2941369	7.90599e-07
1567723	8.20031e-07
1210370	7.21459e-07
5090296	8.40571e-07
8077586	8.31836e-07
1666211	7.73118e-07
6723427	8.49595e-07
2971829	7.8575e-07
3291284	7.69283e-07
2419139	7.83894e-07
1748630	7.67464e-07
1823022	7.96601e-07
3356962	7.54537e-07
1727475	8.1548e-07
3571296	8.01989e-07
7711974	8.23936e-07
2690029	8.02318e-07
2318494	7.78417e-07
2028503	8.09372e-07
8055605	8.66853e-07
8959962	8.63458e-07
7522631	8.30208e-07
2406409	7.55411e-07
