11
4 2 3 4 5
4 1 3 4 5
4 1 2 4 5
6 1 2 3 5 6 7
6 1 2 3 4 6 7
3 4 5 7
7 4 5 6 8 9 10 11
1 7
1 7
1 7
1 7
-1
8
4 2 3 4 5
5 1 5 6 7 8
3 1 4 5
3 1 3 5
7 1 2 3 4 6 7 8
4 2 5 7 8
4 2 5 6 8
4 2 5 6 7
8
3 2 4 5
3 1 8 3
3 2 7 4
3 1 6 3
4 1 6 7 8
4 4 5 7 8
4 3 5 6 8
4 2 5 6 7
5
3 2 4 5
3 1 3 5
3 2 4 5
3 1 3 5
4 1 2 3 4
5
1 2
2 1 5
1 4
1 3
1 2
8
5 2 5 6 7 8
4 1 3 4 5
3 2 4 5
3 2 3 5
7 1 2 3 4 6 7 8
4 1 5 7 8
4 1 5 6 8
4 1 5 6 7
5
2 2 5
4 1 3 4 5
3 2 4 5
3 2 3 5
4 1 2 3 4
 3
    0 
   0
   0
 3
    0 
   0
   0
 3
   1   3
   1   3
   2   2 1
 3
   0
   1   3
   1   2
 3
   2   3 2
   2   3 1
   2   1 2
 1
   0
 4
   2   4 2
   2   1 3
   2   2 4
   2   3 1
-1
