13
6 13 4 11 3 9 10
7 3 4 11 9 5 7 13
8 11 9 2 5 4 10 1 13
10 13 12 7 2 3 1 8 5 10 11
6 10 3 2 4 11 13
5 11 13 7 9 10
7 13 11 4 6 12 2 10
4 11 9 13 4
8 10 13 3 2 8 6 1 11
10 9 12 5 3 6 13 7 1 4 11
12 6 7 12 8 13 3 1 2 10 9 4 5
5 13 11 4 7 10
12 7 4 1 12 11 9 8 6 2 10 3 5
9
6 4 3 5 8 6 2
4 6 9 4 1
5 1 6 5 9 4
4 1 2 6 3
2 3 1
4 2 4 3 1
2 8 9
3 9 1 7
4 8 7 2 3
10
4 9 7 4 8
4 7 6 9 8
5 9 10 6 7 8
4 10 1 5 9
5 9 6 8 7 4
6 5 7 2 3 9 8
7 9 1 2 5 6 3 8
8 9 1 5 6 3 2 7 10
9 7 1 5 8 2 3 6 4 10
4 3 4 8 9
4
3 4 2 3
3 4 1 3
3 2 4 1
3 2 3 1
5
4 4 2 5 3
2 3 1
3 4 2 1 
3 1 5 3
2 1 4
-1